SN2007af 0.005500 215.587625 -0.393778
filter J
54162.76  14.585  0.011
54162.77  14.601  0.014
54164.82  14.086  0.014
54164.83  14.099  0.016
54167.82  13.618  0.012
54167.83  13.642  0.013
54168.84  13.554  0.017
54168.85  13.576  0.014
54169.81  13.518  0.010
54169.81  13.525  0.012
54170.85  13.502  0.012
54170.86  13.505  0.013
54171.82  13.503  0.010
54171.83  13.512  0.011
54172.82  13.533  0.013
54172.82  13.549  0.012
54175.82  13.718  0.011
54175.87  13.721  0.013
54180.79  14.181  0.011
54180.80  14.174  0.013
54183.77  14.706  0.015
54183.78  14.677  0.014
54189.81  15.156  0.012
54189.82  15.141  0.012
54193.75  15.058  0.013
54193.76  15.057  0.014
54196.78  14.944  0.012
54196.79  14.969  0.013
54205.73  14.596  0.012
54205.74  14.612  0.013
54208.77  14.897  0.015
54208.78  14.861  0.015
54217.72  15.627  0.017
54217.73  15.634  0.018
54228.74  16.462  0.023
54228.75  16.464  0.023
54230.80  16.612  0.038
54230.81  16.609  0.040
54233.69  16.811  0.054
54233.70  16.849  0.047
54238.69  17.035  0.042
54238.70  16.971  0.040
54244.69  17.528  0.073
54244.70  17.414  0.059
54247.68  17.618  0.063
54247.69  17.533  0.056
54255.70  17.999  0.035
54255.70  18.068  0.034
54257.71  18.262  0.133
54257.72  18.140  0.168
