SN2006bh 0.010900 340.067083 -66.485083
filter H
53829.91  15.022  0.018
53829.91  15.012  0.022
53830.89  15.017  0.022
53830.90  14.993  0.022
53843.89  15.619  0.018
53843.90  15.648  0.020
53848.89  15.376  0.029
53848.89  15.392  0.032
53851.87  15.398  0.030
53851.87  15.319  0.031
53855.91  15.290  0.028
53855.92  15.292  0.030
53860.88  15.584  0.052
53863.90  15.797  0.036
53863.91  15.766  0.036
53864.87  15.818  0.035
53864.88  15.824  0.040
53868.87  16.038  0.056
53868.88  16.133  0.068
