SN2017cbv 0.003999 218.143417 -44.134094   
filter H
57825.17  13.825  0.044
57825.33  13.748  0.041
57826.21  13.354  0.036
57827.16  13.177  0.034
57827.32  13.125  0.034
57828.27  12.886  0.034
57829.27  12.664  0.033
57830.28  12.481  0.033
57831.25  12.327  0.033
57832.26  12.216  0.033
57833.24  12.124  0.033
57834.23  12.067  0.033
57835.29  12.043  0.033
57838.28  12.067  0.033
57839.28  12.120  0.033
57841.29  12.229  0.033
57843.27  12.285  0.033
57847.26  12.335  0.033
57849.22  12.348  0.033
57851.24  12.390  0.033
57854.25  12.340  0.033
57858.28  12.250  0.033
57862.21  12.178  0.033
57864.26  12.145  0.033
57869.22  12.142  0.033
57871.21  12.164  0.033
57873.22  12.203  0.033
57876.14  12.298  0.033
57883.08  12.736  0.034
57887.10  12.911  0.034
57890.08  13.034  0.034
57894.09  13.225  0.034
57902.21  13.546  0.034
57906.02  13.667  0.034
57913.06  13.987  0.035
57917.09  14.136  0.035
57924.00  14.389  0.036
57933.00  14.653  0.050
57941.97  14.966  0.086
57944.04  15.064  0.062
57949.04  15.280  0.056
57956.00  15.568  0.046
57960.98  15.716  0.048
57965.99  15.943  0.069
