SN2007af 0.005500 215.587625 -0.393778
filter H
54162.76  14.524  0.015
54162.77  14.583  0.013
54164.82  14.126  0.021
54164.83  14.113  0.016
54167.82  13.706  0.014
54167.83  13.714  0.012
54168.84  13.692  0.017
54168.85  13.661  0.012
54169.81  13.652  0.030
54169.81  13.645  0.030
54170.85  13.651  0.029
54170.86  13.656  0.030
54171.82  13.662  0.030
54171.83  13.685  0.030
54172.82  13.700  0.045
54172.82  13.709  0.045
54175.82  13.874  0.013
54175.87  13.866  0.018
54180.79  14.049  0.011
54180.80  13.974  0.011
54183.77  14.053  0.016
54183.78  14.026  0.012
54189.81  13.941  0.014
54189.82  13.958  0.011
54193.75  13.837  0.017
54193.76  13.842  0.012
54196.78  13.807  0.017
54196.79  13.795  0.012
54205.73  13.924  0.013
54205.74  13.941  0.013
54208.77  14.149  0.017
54208.78  14.160  0.016
54217.72  14.649  0.018
54217.73  14.677  0.018
54228.74  15.169  0.019
54228.75  15.129  0.019
54233.69  15.326  0.036
54233.70  15.310  0.035
54238.69  15.510  0.024
54238.70  15.531  0.024
54244.69  15.819  0.029
54244.70  15.768  0.032
54247.68  16.005  0.041
54247.69  15.937  0.042
54255.70  16.272  0.034
54255.70  16.267  0.034
54257.71  16.223  0.067
54257.72  16.268  0.089
