SN2012cg 0.001458 186.80346 9.4203330
filter J
56067.20  14.372  0.050
56069.10  13.549  0.060
56070.20  13.207  0.080
56071.20  13.014  0.020
56072.20  12.921  0.090
56073.20  12.688  0.020
56075.20  12.435  0.020
56076.10  12.294  0.080
56078.20  12.284  0.040
56079.20  12.254  0.080
56080.20  12.455  0.100
56082.20  12.514  0.070
56083.20  12.511  0.020
56084.10  12.539  0.040
56085.20  12.638  0.030
56086.20  12.810  0.060
56088.20  12.916  0.020
56089.20  12.998  0.030
56090.20  13.170  0.130
