SN2001el 0.003896 56.127500 -44.639833
filter H
52171.34  13.664  0.036
52174.30  13.165  0.037
52177.32  13.089  0.037
52183.33  13.203  0.036
52186.29  13.265  0.036
52189.32  13.257  0.036
52192.32  13.297  0.042
52195.24  13.274  0.051
52198.29  13.169  0.099
52201.31  13.077  0.036
52202.25  13.012  0.040
52203.24  13.017  0.019
52204.20  13.001  0.026
52204.27  13.119  0.071
52207.34  13.096  0.038
52210.31  13.143  0.042
52213.17  13.165  0.041
52216.22  13.283  0.039
52222.24  13.781  0.043
52225.21  13.825  0.048
52228.22  14.004  0.044
52231.20  14.104  0.045
52234.22  14.227  0.044
52237.23  14.364  0.053
52238.29  14.370  0.054
52240.20  14.529  0.039
52240.22  14.503  0.055
52241.19  14.507  0.016
52242.19  14.577  0.022
52243.18  14.563  0.080
52243.24  14.591  0.055
52246.27  14.840  0.067
