SN2009Y 0.009400 220.599375 -17.246778
filter H
54872.83  14.725  0.028
54872.84  14.706  0.028
54875.84  14.839  0.011
54875.85  14.807  0.011
54887.83  15.237  0.012
54887.84  15.210  0.015
54891.89  15.177  0.016
54891.90  15.136  0.014
54901.82  14.796  0.012
54901.83  14.796  0.010
54913.93  15.178  0.016
54919.92  15.519  0.022
54919.93  15.469  0.020
54921.92  15.619  0.032
54929.90  15.911  0.031
54929.91  15.859  0.027
54934.89  16.059  0.030
54934.90  16.056  0.030
54937.77  16.196  0.029
54937.78  16.222  0.029
54956.81  17.040  0.035
54956.81  17.018  0.036
54962.69  17.314  0.080
54962.69  17.193  0.074
54965.67  17.441  0.094
54965.68  17.416  0.091
