SN2001el 0.003896 56.127500 -44.639833
filter J
52171.34  13.604  0.021
52174.30  13.129  0.020
52177.32  12.882  0.022
52183.33  12.996  0.020
52186.29  13.186  0.020
52189.32  13.538  0.020
52192.32  14.128  0.022
52195.24  14.249  0.032
52198.29  14.257  0.068
52201.31  14.341  0.020
52202.25  14.150  0.023
52203.24  14.124  0.022
52204.20  14.131  0.025
52204.27  14.220  0.043
52207.34  14.171  0.021
52210.31  14.146  0.025
52213.17  13.947  0.023
52216.22  14.074  0.021
52222.24  14.744  0.025
52225.21  14.884  0.028
52228.22  15.169  0.026
52231.20  15.317  0.027
52234.22  15.506  0.026
52237.23  15.761  0.033
52238.29  15.676  0.020
52240.20  15.846  0.020
52240.22  15.941  0.034
52241.19  15.932  0.020
52242.19  16.000  0.025
52243.18  16.041  0.024
52243.24  16.210  0.033
52244.21  16.063  0.046
52246.27  16.395  0.043
