SN2017cbv 0.003999 218.143417 -44.134094
filter J
57825.17  13.817  0.038
57825.33  13.780  0.037
57826.21  13.414  0.036
57827.16  13.201  0.035
57827.32  13.161  0.035
57828.27  12.913  0.035
57829.27  12.680  0.035
57830.28  12.464  0.035
57831.25  12.312  0.035
57832.26  12.169  0.035
57833.24  12.060  0.035
57834.23  11.983  0.035
57835.29  11.936  0.035
57838.28  11.905  0.035
57839.28  11.941  0.035
57841.29  12.058  0.035
57843.27  12.207  0.035
57847.26  12.579  0.035
57849.22  12.866  0.035
57851.24  13.220  0.035
57854.25  13.528  0.035
57858.28  13.526  0.035
57862.21  13.440  0.035
57864.26  13.387  0.035
57869.22  13.246  0.035
57871.21  13.175  0.035
57873.22  13.132  0.035
57876.14  13.192  0.035
57883.08  13.746  0.035
57887.10  14.056  0.035
57890.08  14.269  0.036
57894.09  14.536  0.036
57902.21  15.053  0.039
57906.02  15.274  0.039
57913.06  15.669  0.040
57917.09  15.866  0.041
57924.00  16.307  0.066
57933.00  16.685  0.051
57936.00  16.666  0.046
57941.97  17.042  0.090
57944.04  16.964  0.056
