SN2002fk 0.007125 50.523792 -15.400889
filter H
52535.70  15.200  0.011
52536.70  14.859  0.011
52537.80  14.605  0.011
52538.70  14.405  0.011
52539.70  14.234  0.015
52540.70  14.133  0.011
52541.70  14.044  0.016
52541.70  14.036  0.011
52542.70  13.975  0.011
52544.70  13.981  0.011
52546.60  14.113  0.011
52560.70  14.590  0.011
52562.70  14.549  0.011
52567.80  14.332  0.011
52571.80  14.175  0.011
52590.80  14.905  0.011
52593.80  15.030  0.011
52597.50  15.248  0.011
52600.60  15.367  0.014
52617.50  16.112  0.015
52619.70  16.185  0.011
52631.60  16.797  0.017
52650.60  17.597  0.027
