SN2006bh 0.010900 340.067083 -66.485083
filter J
53829.91  14.803  0.018
53829.91  14.813  0.021
53830.89  14.812  0.018
53830.90  14.818  0.019
53843.89  16.475  0.014
53843.90  16.457  0.014
53846.91  16.594  0.014
53846.92  16.574  0.015
53848.89  16.571  0.074
53848.89  16.599  0.089
53851.87  16.293  0.053
53851.87  16.361  0.053
53855.91  16.139  0.038
53855.92  16.078  0.036
53860.88  16.099  0.035
53860.88  16.220  0.042
53863.90  16.438  0.036
53863.91  16.484  0.036
53864.87  16.585  0.036
53864.88  16.557  0.034
53868.87  17.048  0.080
53868.88  16.828  0.049
