SN2011fe 0.0008040 210.77421 54.273722
filter H
55800.12  12.839  0.009
55802.17  11.915  0.008
55803.12  11.604  0.008
55804.19  11.335  0.010
55805.20  11.142  0.008
55807.15  10.865  0.008
55808.10  10.783  0.008
55813.11  10.834  0.008
55819.13  11.081  0.008
55820.09  11.099  0.008
55821.09  11.106  0.009
55822.09  11.138  0.008
55824.09  11.190  0.008
55825.09  11.200  0.008
55827.12  11.192  0.008
55828.09  11.153  0.009
55830.11  11.073  0.008
55833.09  10.940  0.008
55834.10  10.893  0.015
55835.09  10.886  0.008
55837.09  10.839  0.008
55838.08  10.827  0.008
55840.07  10.815  0.008
55842.07  10.843  0.008
55844.07  10.895  0.008
55845.11  10.938  0.009
55846.09  10.977  0.009
55848.07  11.091  0.008
55849.07  11.148  0.008
55850.07  11.210  0.010
55851.07  11.273  0.008
55852.07  11.330  0.008
55853.06  11.381  0.010
55854.07  11.439  0.010
55860.07  11.753  0.008
