SN2011by 0.002843 178.93963 55.325556
filter H
55679.18  14.343  0.056
55680.19  14.154  0.042
55685.22  13.522  0.116
55686.22  13.492  0.145
55687.19  13.389  0.031
55688.19  13.472  0.094
55689.19  13.493  0.139
55690.17  13.707  0.175
55693.19  13.724  0.110
55694.19  13.768  0.122
55695.18  13.857  0.157
55696.14  13.846  0.068
55697.15  13.877  0.057
55698.16  13.914  0.250
55699.19  14.019  0.094
55702.17  14.028  0.118
55703.16  13.988  0.067
55705.14  13.822  0.069
55706.25  13.843  0.250
55707.17  13.722  0.170
55708.16  13.769  0.074
55709.16  13.711  0.250
55710.16  13.709  0.175
55711.17  13.678  0.081
55715.19  13.744  0.054
55734.20  14.457  0.055
55735.19  14.440  0.062
