SN2012fr 0.005457 53.399958 -36.127139
filter H
56231.34  13.708  0.031
56232.37  13.503  0.029
56233.36  13.265  0.029
56234.21  13.144  0.061
56234.35  13.203  0.029
56235.23  13.090  0.061
56235.34  13.068  0.031
56236.17  12.970  0.062
56237.10  12.986  0.061
56241.36  13.036  0.027
56244.37  13.127  0.027
56246.36  13.177  0.029
56248.37  13.227  0.028
56249.37  13.307  0.030
56251.36  13.389  0.040
56252.34  13.379  0.027
56253.19  13.373  0.027
56254.18  13.428  0.027
56256.34  13.441  0.028
56258.09  13.435  0.062
56259.10  13.388  0.061
56264.09  13.279  0.027
56265.11  13.246  0.030
56266.11  13.210  0.030
56281.07  13.292  0.027
56284.10  13.504  0.027
56287.25  13.697  0.028
56293.11  13.905  0.030
56295.06  13.967  0.027
56296.04  14.034  0.027
56296.12  14.036  0.030
56297.16  14.079  0.030
56298.03  14.122  0.027
56304.04  14.343  0.029
56318.09  14.955  0.035
56326.07  15.280  0.029
56327.06  15.293  0.061
56342.10  15.926  0.063
56343.09  16.028  0.054
56345.07  16.092  0.033
56346.05  16.122  0.034
56349.08  16.134  0.064
56352.08  16.223  0.062
56378.01  16.897  0.045
56382.03  16.984  0.044
