SN2012cg 0.001458 186.80346 9.4203330
filter H
56067.20  14.437  0.110
56069.10  13.737  0.020
56070.20  13.397  0.020
56071.20  13.168  0.030
56072.20  12.928  0.020
56073.20  12.788  0.020
56074.20  12.606  0.060
56075.20  12.535  0.060
56076.10  12.474  0.080
56078.20  12.546  0.020
56079.20  12.600  0.040
56080.20  12.650  0.050
56082.20  12.798  0.090
56083.20  12.693  0.070
56084.10  12.766  0.030
56085.20  12.867  0.020
56086.20  12.874  0.040
56088.20  13.012  0.020
56089.20  13.080  0.120
