SN2011fe 0.0008040 210.77421 54.273722
filter J
55800.12  12.872  0.010
55802.17  11.910  0.010
55803.12  11.574  0.011
55807.15  10.681  0.013
55808.10  10.578  0.010
55813.11  10.498  0.009
55819.13  10.958  0.009
55820.09  11.065  0.009
55821.09  11.220  0.012
55822.09  11.398  0.010
55824.09  11.862  0.009
55825.09  12.065  0.009
55827.12  12.330  0.010
55828.09  12.394  0.011
55830.11  12.418  0.009
55833.09  12.314  0.011
55835.09  12.234  0.010
55837.09  12.156  0.010
55838.08  12.102  0.010
55840.07  11.984  0.009
55842.07  11.850  0.011
55844.07  11.772  0.010
55846.09  11.775  0.010
55848.07  11.928  0.022
55849.07  12.021  0.011
55850.07  12.121  0.009
55851.07  12.206  0.016
55852.07  12.331  0.013
55853.06  12.414  0.011
55854.07  12.504  0.012
55860.07  13.012  0.011
