SN2011by 0.002843 178.93963 55.325556
filter J
55679.18  14.217  0.123
55680.19  14.033  0.123
55685.22  13.284  0.051
55686.22  13.256  0.131
55687.19  13.184  0.122
55688.19  13.159  0.143
55689.19  13.219  0.182
55690.17  13.267  0.110
55693.19  13.522  0.133
55694.19  13.688  0.128
55695.18  13.771  0.081
55696.14  13.810  0.143
55697.15  13.937  0.148
55698.16  14.189  0.095
55699.19  14.322  0.097
55702.17  14.800  0.123
55703.16  15.047  0.087
55705.14  15.154  0.154
55706.25  15.242  0.153
55707.17  15.123  0.143
55708.16  15.066  0.175
55709.16  15.084  0.150
55710.16  14.921  0.140
55711.17  14.965  0.037
55712.16  14.842  0.078
55715.19  14.694  0.082
55734.20  15.501  0.034
55735.19  15.526  0.024
