SN1999ee 0.011415000 334.04167 -36.844361
filter J
51461.09000  14.964   0.022
51461.10000  15.048   0.026
51462.06000  14.804   0.022
51462.07000  14.924   0.026
51463.05000  14.797   0.022
51464.06000  14.669   0.022
51464.12000  14.795   0.027
51465.02000  14.676   0.022
51466.14000  14.767   0.026
51467.02000  14.817   0.022
51468.03000  14.797   0.022
51468.13000  14.865   0.025
51470.14000  14.983   0.025
51472.15000  15.120   0.025
51475.14000  15.362   0.029
51478.01000  15.716   0.024
51478.16000  15.737   0.033
51480.16000  16.096   0.030
51482.07000  16.175   0.026
51482.13000  16.342   0.033
51483.06000  16.289   0.030
51484.04000  16.355   0.026
51484.07000  16.430   0.030
51485.00000  16.325   0.033
51486.03000  16.314   0.028
51486.14000  16.458   0.040
51487.05000  16.228   0.026
51488.05000  16.285   0.024
51488.14000  16.438   0.032
51489.06000  16.240   0.026
51490.15000  16.422   0.031
51492.13000  16.323   0.032
51495.10000  16.216   0.031
51497.05000  16.154   0.034
51498.05000  16.100   0.034
51499.07000  15.973   0.029
51500.05000  15.894   0.034
51501.03000  15.876   0.030
51503.03000  15.780   0.030
51504.04000  15.796   0.029
51505.03000  15.815   0.027
51507.09000  16.007   0.028
51508.05000  16.094   0.033
51511.05000  16.335   0.039
51513.10000  16.421   0.048
51515.10000  16.666   0.038
51517.04000  16.756   0.040
51519.04000  16.998   0.047
51521.09000  17.132   0.063