SN1999ee 0.011415000 334.04167 -36.844361
filter H
51461.09000  15.117   0.024
51461.10000  15.150   0.034
51462.06000  15.082   0.024
51462.07000  15.072   0.030
51463.05000  15.016   0.024
51464.06000  14.934   0.024
51464.12000  15.001   0.031
51465.02000  14.993   0.025
51466.14000  15.024   0.030
51467.02000  15.000   0.026
51468.03000  15.121   0.026
51468.13000  15.091   0.028
51470.14000  15.168   0.028
51472.15000  15.264   0.031
51475.14000  15.312   0.033
51477.00000  15.312   0.026
51478.16000  15.363   0.037
51479.02000  15.411   0.028
51480.16000  15.476   0.042
51480.98000  15.391   0.028
51482.07000  15.348   0.030
51482.13000  15.456   0.037
51483.06000  15.349   0.027
51484.04000  15.259   0.027
51484.07000  15.400   0.033
51485.00000  15.179   0.034
51486.03000  15.259   0.026
51486.14000  15.303   0.032
51487.05000  15.128   0.026
51488.05000  15.161   0.025
51488.14000  15.194   0.034
51489.06000  15.176   0.025
51490.15000  15.163   0.033
51492.13000  15.181   0.038
51495.10000  15.119   0.033
51497.05000  15.103   0.034
51498.05000  15.150   0.036
51499.07000  15.081   0.031
51500.05000  15.166   0.030
51501.03000  15.147   0.029
51503.03000  15.311   0.036
51504.04000  15.270   0.033
51505.03000  15.444   0.038
51507.09000  15.531   0.039
51508.05000  15.560   0.045
51511.05000  15.825   0.043
51513.10000  16.004   0.055
51515.10000  16.008   0.042
51517.04000  16.100   0.044
51519.04000  16.161   0.054
51521.09000  16.241   0.070