SN2006lf 0.013189 69.622875 44.033750
filter H
54040.33  15.553  0.063
54041.34  15.637  0.061
54042.35  15.660  0.250
54043.34  15.829  0.175
54044.32  15.828  0.175
54045.32  15.945  0.065
54046.30  15.965  0.175
54047.27  15.929  0.079
54048.28  15.970  0.250
54049.28  16.154  0.250
54050.29  16.154  0.250
54051.39  16.139  0.250
54052.27  16.352  0.056
54053.47  16.391  0.175
54054.32  16.521  0.250
54056.27  16.508  0.107
54057.20  16.373  0.250
54058.20  16.235  0.175
54060.24  16.099  0.034
54061.23  15.913  0.060
54064.21  15.816  0.058
54065.19  15.864  0.175
54066.19  15.842  0.030
54070.19  16.104  0.067
54071.22  16.096  0.079
54072.18  16.253  0.090
54074.18  16.345  0.083
54075.18  16.365  0.070
54076.14  16.474  0.088
54078.31  16.599  0.114
54079.21  16.746  0.250
54080.13  16.748  0.175
54081.13  17.019  0.175
54082.18  17.032  0.041
54085.16  17.305  0.250
54086.18  17.393  0.198
54090.21  17.568  0.250
54091.21  17.662  0.250
54094.19  17.838  0.250
54095.17  17.759  0.175
54096.14  17.791  0.250
