SN2010ai 0.018369 194.85012 27.996417
filter J
55268.33  17.089  0.074
55269.41  16.874  0.059
55270.33  16.643  0.061
55276.36  16.546  0.043
55277.32  16.615  0.048
55279.33  16.775  0.048
55281.32  17.062  0.054
55284.29  17.609  0.112
55285.32  17.854  0.101
55287.33  17.966  0.027
55289.33  18.111  0.106
55290.35  18.058  0.175
55291.30  17.958  0.071
55292.24  17.965  0.115
55294.28  17.842  0.092
55295.30  17.845  0.095
55296.29  17.875  0.148
55297.21  17.843  0.175
55298.31  17.736  0.175
55299.23  17.732  0.133
55300.23  17.713  0.085
55301.19  17.654  0.136
