SN2006le 0.017432 75.174958 62.255278
filter H
54040.36  16.728  0.122
54041.36  16.624  0.250
54042.37  16.510  0.093
54043.36  16.558  0.098
54044.34  16.479  0.088
54045.34  16.456  0.091
54048.30  16.592  0.069
54049.30  16.547  0.070
54050.32  16.675  0.114
54051.41  16.789  0.175
54053.33  16.867  0.135
54055.40  17.032  0.175
54057.29  17.107  0.147
54058.22  17.071  0.160
54061.26  16.947  0.175
54063.30  16.934  0.171
54064.28  17.025  0.175
54066.40  17.001  0.197
54070.22  16.884  0.139
54071.20  16.782  0.092
54072.20  16.788  0.175
54074.20  16.791  0.250
54075.20  16.682  0.092
54076.17  16.642  0.104
54077.17  16.504  0.175
54078.33  16.471  0.084
54080.15  16.578  0.102
54082.20  16.544  0.063
54084.19  16.554  0.093
54085.18  16.773  0.125
54086.20  16.883  0.047
54090.23  17.271  0.250
54093.20  17.365  0.182
54095.15  17.459  0.186
54096.16  17.553  0.111
54100.18  17.949  0.325
