SN2008bc 0.015100 144.630125 -63.973778
filter J
54543.74  15.762  0.033
54543.75  15.747  0.033
54544.76  15.668  0.018
54544.76  15.670  0.019
54548.73  15.781  0.033
54548.73  15.799  0.033
54553.66  16.148  0.033
54553.66  16.129  0.033
54554.70  16.242  0.033
54554.71  16.226  0.033
54559.63  16.941  0.033
54559.64  16.854  0.032
54581.65  16.817  0.031
54581.65  16.795  0.031
54585.59  16.797  0.031
54585.60  16.797  0.031
54590.62  17.253  0.049
54590.63  17.335  0.043
54596.70  17.825  0.058
54607.59  18.604  0.041
54607.60  18.602  0.039
