SN2010kg 0.016632 70.035 7.35
filter H
55532.16  16.437  0.161
55533.16  16.320  0.277
55534.26  16.215  0.146
55535.29  16.074  0.175
55536.18  16.166  0.250
55537.29  16.071  0.073
55538.26  15.898  0.042
55539.17  15.952  0.100
55540.17  15.871  0.112
55541.26  15.973  0.102
55542.20  16.001  0.051
55566.21  16.099  0.089
55567.21  16.104  0.250
55569.20  16.230  0.250
55570.20  16.332  0.175
55571.20  16.354  0.250
55572.19  16.346  0.015
55573.18  16.416  0.090
55574.18  16.493  0.090
55576.21  16.540  0.118
55577.17  16.595  0.086
55578.13  16.602  0.084
55598.13  17.318  0.245
55602.12  17.257  0.311
55603.16  17.217  0.250
55605.11  17.382  0.250
55618.11  18.286  0.175
