SN2006lf 0.013189 69.622875 44.033750
filter J
54040.33  15.594  0.027
54041.34  15.589  0.025
54042.35  15.550  0.175
54043.34  15.559  0.022
54044.32  15.736  0.175
54045.32  15.836  0.023
54046.30  15.918  0.022
54047.27  15.913  0.250
54048.28  16.096  0.043
54049.28  16.232  0.039
54050.29  16.458  0.044
54051.39  16.642  0.054
54052.27  16.914  0.069
54053.47  17.140  0.077
54054.32  17.376  0.151
54056.27  17.365  0.074
54057.20  17.250  0.250
54058.20  17.323  0.250
54060.24  17.341  0.058
54061.23  17.262  0.175
54063.28  17.075  0.021
54064.21  16.953  0.062
54065.19  16.956  0.175
54066.19  16.783  0.073
54070.19  16.762  0.068
54071.22  16.701  0.045
54072.18  16.883  0.066
54074.18  17.155  0.058
54075.18  17.106  0.250
54076.14  17.334  0.064
54078.31  17.579  0.175
54079.21  17.631  0.175
54080.13  17.686  0.191
54084.17  18.427  0.175
54085.16  18.436  0.175
54086.18  18.510  0.175
54090.21  19.126  0.294
54094.19  19.803  0.362
54095.17  19.811  0.352
54096.14  19.680  0.357
