SN2006kf 0.021300 55.460333 8.156944
filter J
54037.81  16.365  0.025
54037.81  16.406  0.017
54037.82  16.398  0.017
54037.82  16.397  0.024
54039.74  16.431  0.017
54039.75  16.421  0.017
54041.72  16.529  0.028
54041.73  16.574  0.030
54043.68  16.740  0.044
54043.69  16.688  0.034
54045.74  17.023  0.071
54045.76  17.020  0.060
54047.74  17.456  0.067
54047.75  17.439  0.066
54049.76  17.763  0.027
54049.77  17.808  0.026
54053.73  18.003  0.116
54053.74  17.972  0.105
54057.71  17.917  0.096
54057.72  17.709  0.091
54066.78  17.584  0.021
54066.79  17.519  0.022
54070.73  17.871  0.095
54070.74  17.800  0.100
54074.72  18.393  0.130
54078.67  18.614  0.113
54078.69  18.856  0.134
