SN2011ao 0.010694 178.46263 33.362861
filter J
55628.25  15.951  0.091
55629.31  15.403  0.078
55631.21  15.235  0.102
55637.25  14.825  0.032
55639.29  14.999  0.069
55640.24  15.066  0.069
55641.27  15.097  0.039
55644.26  15.298  0.074
55645.26  15.380  0.175
55647.25  15.699  0.073
55649.24  15.965  0.074
55650.27  16.168  0.107
55652.31  16.361  0.079
55654.27  16.544  0.268
55655.23  16.585  0.250
55656.23  16.694  0.179
55663.27  16.922  0.191
55667.17  16.275  0.109
55669.14  15.971  0.100
55673.12  15.920  0.250
55677.18  16.182  0.051
55681.19  16.523  0.250
55685.29  17.018  0.263
55687.21  17.150  0.264
55693.21  17.701  0.232
55697.18  18.037  0.175
55699.17  18.411  0.250
55705.16  18.607  0.095
