SN2010kg 0.016632 70.035 7.35
filter J
55532.16  16.889  0.231
55533.16  16.504  0.173
55534.26  16.342  0.159
55535.29  16.054  0.089
55536.18  16.068  0.060
55537.29  15.813  0.089
55538.26  15.797  0.048
55539.17  15.748  0.065
55540.17  15.798  0.077
55541.26  15.786  0.086
55542.20  15.924  0.018
55566.21  16.787  0.165
55567.21  16.604  0.175
55569.20  16.677  0.175
55570.20  16.606  0.111
55571.20  16.586  0.142
55572.19  16.619  0.175
55573.18  16.598  0.175
55574.18  16.591  0.175
55576.21  16.698  0.250
55578.13  16.913  0.175
55595.21  17.446  0.250
55598.13  17.552  0.175
55601.25  17.709  0.175
55607.11  18.161  0.250
