SN2005ki 0.019200 160.117583 9.202333
filter J
53696.81  16.650  0.033
53696.82  16.644  0.028
53701.81  16.088  0.019
53701.81  16.063  0.016
53705.83  16.276  0.033
53708.84  16.518  0.033
53708.84  16.624  0.034
53709.83  16.672  0.029
53709.84  16.684  0.032
53714.85  17.682  0.055
53714.85  17.737  0.053
53715.84  17.818  0.067
53715.84  17.828  0.060
53724.85  17.534  0.053
53724.86  17.512  0.098
53732.86  17.388  0.044
53732.86  17.268  0.041
53750.85  18.804  0.042
53750.86  18.904  0.045
53756.82  19.467  0.146
53756.83  19.373  0.101
53756.83  18.062  0.069
