SN2006le 0.017432 75.174958 62.255278
filter J
54040.36  16.218  0.027
54041.36  16.169  0.032
54042.37  16.126  0.018
54043.36  16.175  0.018
54044.34  16.193  0.023
54045.34  16.182  0.022
54047.29  16.290  0.175
54048.30  16.246  0.030
54049.30  16.302  0.029
54050.32  16.452  0.028
54051.41  16.539  0.019
54052.32  16.724  0.039
54053.33  16.777  0.039
54055.40  17.078  0.034
54056.29  17.163  0.043
54057.29  17.339  0.101
54058.22  17.515  0.056
54061.26  17.859  0.050
54063.30  18.190  0.086
54066.40  18.020  0.025
54070.22  17.984  0.119
54071.20  18.012  0.175
54072.20  17.726  0.030
54074.20  17.692  0.103
54075.20  17.658  0.086
54076.17  17.439  0.032
54077.17  17.381  0.081
54078.33  17.299  0.031
54081.15  17.064  0.250
54084.19  17.117  0.016
54085.18  17.354  0.063
54086.20  17.516  0.030
54090.23  17.835  0.021
54091.23  17.853  0.060
54093.20  17.931  0.175
54095.15  18.240  0.175
54096.16  18.202  0.175
54100.18  18.906  0.042
54101.17  18.874  0.175
