SN2006et 0.022600 10.690917 -23.558444
filter J
53982.63  17.152  0.044
53982.63  17.007  0.040
53987.87  16.231  0.028
53987.88  16.254  0.025
53993.66  16.223  0.022
53993.67  16.223  0.020
53995.69  16.357  0.022
53995.70  16.373  0.020
53999.81  16.665  0.027
53999.82  16.637  0.025
54002.62  16.960  0.033
54002.63  16.970  0.037
54006.62  17.627  0.075
54006.63  17.610  0.061
54009.62  17.637  0.070
54009.64  17.686  0.074
54013.65  17.786  0.072
54013.66  17.720  0.065
54015.62  17.682  0.084
54015.63  17.583  0.078
54021.68  17.405  0.050
54021.69  17.381  0.048
54024.57  17.299  0.050
54024.58  17.200  0.041
54030.65  17.151  0.032
54030.66  17.193  0.028
54037.70  17.832  0.062
54037.71  17.791  0.059
54039.69  17.903  0.070
54039.71  17.883  0.064
54041.55  18.002  0.095
54041.56  18.205  0.127
54045.60  18.235  0.073
54045.61  18.324  0.091
