SN2008gp 0.033400 50.753042 1.361889
filter J
54769.83  17.553  0.054
54769.84  17.630  0.051
54771.78  17.288  0.039
54771.79  17.332  0.035
54778.81  17.111  0.041
54780.76  17.312  0.042
54780.76  17.302  0.039
54784.75  17.608  0.050
54784.75  17.676  0.047
54791.75  18.545  0.111
54791.76  18.656  0.132
54794.75  18.602  0.138
54794.75  18.499  0.129
54800.74  18.375  0.109
54800.75  18.570  0.130
54812.61  18.120  0.102
54812.62  18.085  0.116
54822.66  18.672  0.108
54844.52  20.381  0.114
