SN2009al 0.022100 162.841958 8.578528
filter J
54891.71  16.482  0.013
54891.72  16.468  0.014
54892.69  16.434  0.014
54892.70  16.398  0.015
54894.72  16.375  0.020
54894.73  16.386  0.020
54899.69  16.594  0.017
54899.69  16.575  0.024
54907.71  17.343  0.025
54907.72  17.337  0.048
54913.67  17.404  0.025
54913.68  17.470  0.028
54936.59  17.911  0.057
54936.59  17.955  0.057
54891.20  16.534  0.036
54892.20  16.559  0.175
54893.20  16.507  0.028
54895.25  16.524  0.042
54898.19  16.507  0.126
54902.17  17.027  0.029
54904.17  17.073  0.065
54905.17  17.228  0.058
54906.15  17.334  0.062
54907.15  17.258  0.250
54908.16  17.468  0.055
54909.15  17.485  0.050
54911.13  17.713  0.111
54912.11  17.614  0.071
54913.10  17.563  0.175
54918.16  17.310  0.070
54920.17  17.247  0.134
54921.16  17.167  0.160
54924.19  17.117  0.148
54926.16  17.331  0.053
54929.25  17.371  0.175
54930.21  17.590  0.175
