SN2005M 0.022000 144.384833 23.200750
filter J
53397.76  17.048  0.082
53398.73  16.616  0.048
53398.75  16.628  0.048
53404.76  16.498  0.048
53404.76  16.483  0.048
53418.68  17.831  0.055
53418.68  17.739  0.054
53422.68  17.944  0.064
53422.69  17.956  0.062
53426.72  17.863  0.056
53426.72  17.837  0.056
53427.70  17.787  0.052
53427.70  17.799  0.053
53433.64  17.765  0.054
53433.65  17.758  0.052
53454.64  18.363  0.053
53455.59  18.364  0.060
53455.59  18.445  0.062
53456.62  18.497  0.054
53461.65  18.925  0.072
53461.66  18.899  0.077
