SN2008gl 0.034000 20.228417 4.805306
filter H
54767.72 17.430 0.097
54767.73 17.442 0.086
54769.66 17.853 0.133
54769.67 17.634 0.111
54771.67 17.923 0.147
54771.68 17.644 0.129
54788.66 17.945 0.147
54788.67 17.809 0.152
54762.29  17.502  0.179
54768.14  17.105  0.175
54772.25  17.621  0.242
54777.23  17.914  0.360
54778.21  18.027  0.277
54779.19  18.193  0.356
54784.17  18.185  0.250
54785.18  18.237  0.250
54786.16  17.967  0.175
54792.20  17.596  0.181
54793.14  17.434  0.250
54794.21  17.476  0.101
