SN2009aa 0.027300 170.926167 -22.270694
filter J
54872.78 16.862 0.011
54872.79 16.817 0.011
54873.76 16.794 0.013
54873.77 16.812 0.012
54956.64 20.185 0.101
54868.77  17.351  0.024
54868.78  17.315  0.026
54875.78  16.713  0.016
54875.78  16.692  0.018
54882.70  17.157  0.029
54882.71  17.171  0.025
54886.73  17.740  0.040
54886.74  17.697  0.040
54887.73  17.953  0.047
54887.74  17.912  0.050
54889.74  18.203  0.066
54889.75  18.112  0.063
54891.78  18.153  0.100
54891.79  18.417  0.100
54892.76  18.247  0.059
54892.77  18.391  0.064
54894.66  18.134  0.073
54894.67  18.148  0.062
54899.74  18.084  0.053
54899.75  18.115  0.055
54901.65  18.152  0.069
54901.66  17.944  0.057
54907.76  17.856  0.044
54913.73  17.940  0.043
54913.73  17.998  0.054
54921.76  18.734  0.090
54921.77  18.649  0.071
54929.69  18.933  0.106
54929.69  18.869  0.112
54939.73  19.357  0.137
54939.74  19.499  0.189
