SN2011ao 0.010694 178.46263 33.362861
filter H
55628.25  15.536  0.100
55631.21  15.036  0.015
55637.25  15.015  0.026
55639.29  15.176  0.083
55640.24  15.218  0.082
55641.27  15.334  0.081
55643.25  15.351  0.250
55645.26  15.462  0.250
55647.25  15.416  0.022
55648.22  15.399  0.063
55650.27  15.553  0.058
55654.27  15.413  0.047
55655.23  15.381  0.048
55656.23  15.321  0.076
55663.27  15.362  0.175
55665.24  15.305  0.084
55669.14  15.253  0.072
55673.12  15.074  0.031
55677.18  15.447  0.093
55681.19  15.714  0.088
55685.29  15.796  0.056
55689.21  15.930  0.078
55693.21  16.270  0.095
55695.21  16.271  0.059
55697.18  16.409  0.185
55699.17  16.487  0.163
55705.16  16.922  0.142
55707.20  17.173  0.254
55711.19  17.358  0.350
