SN2008hs	0.0166	36.37335	41.84311
filter J 
54803.19  17.281  0.033
54804.18  17.024  0.039
54806.20  16.592  0.019
54810.18  16.360  0.067
54818.18  17.182  0.093
54821.18  17.296  0.048
54831.14  17.059  0.034
54832.12  17.140  0.030
54833.12  17.079  0.022
54834.28  17.265  0.063
54838.12  17.726  0.084
54839.12  17.814  0.023
54840.10  17.938  0.081
54843.10  18.271  0.108
54844.12  18.390  0.105
54845.11  18.571  0.108
54846.09  18.510  0.250
54848.13  18.611  0.109
54849.11  18.811  0.175
54882.13  20.184  0.175
