SN2010ju 0.015244 85.483292 18.497500
filter H
55517.37  15.944  0.109
55518.25  15.919  0.147
55519.24  15.887  0.093
55521.29  15.851  0.056
55525.35  15.934  0.250
55527.21  15.957  0.250
55528.21  15.961  0.002
55530.30  16.130  0.195
55531.20  16.239  0.189
55533.31  16.275  0.140
55534.30  16.246  0.122
55536.30  16.232  0.045
55537.33  16.347  0.065
55538.30  16.311  0.069
55539.21  16.205  0.086
55541.31  16.273  0.124
55542.24  16.181  0.136
55566.29  16.822  0.223
55569.28  17.078  0.173
55570.28  17.220  0.337
