SN2010ju 0.015244 85.483292 18.497500
filter J
55517.37  16.054  0.033
55518.25  15.929  0.250
55519.24  15.901  0.038
55521.29  15.817  0.018
55525.35  16.008  0.071
55526.32  16.073  0.250
55527.21  16.144  0.086
55528.21  16.398  0.064
55530.30  16.755  0.175
55531.20  16.746  0.116
55532.20  16.912  0.069
55533.31  16.990  0.079
55534.30  17.172  0.103
55536.30  17.198  0.082
55537.33  17.399  0.175
55539.21  17.252  0.250
55541.31  17.216  0.169
55542.24  17.102  0.082
55566.29  17.962  0.200
55569.28  18.094  0.354
55570.28  18.013  0.161
