SN2008hs	0.0166	36.37335	41.84311
filter H
54803.19  17.475  0.143
54804.18  16.972  0.065
54806.20  16.624  0.070
54807.07  16.770  0.065
54810.18  16.592  0.100
54818.18  17.232  0.175
54821.18  16.830  0.071
54831.14  16.652  0.045
54832.12  16.619  0.053
54833.12  16.920  0.089
54834.28  16.939  0.072
54839.12  17.315  0.091
54840.10  17.500  0.059
54843.10  17.702  0.138
54844.12  17.802  0.105
54845.11  17.860  0.168
54846.09  17.812  0.175
54847.09  17.870  0.040
54849.11  18.087  0.204
54876.16  19.061  0.175
54882.13  19.568  0.175
