SN2009ad 0.028400 75.889083 6.659917
filter J
54879.12  17.014  0.083
54881.15  16.898  0.070
54882.09  16.829  0.039
54884.12  16.797  0.078
54887.10  17.109  0.037
54888.14  17.181  0.057
54890.12  17.207  0.132
54891.12  17.300  0.101
54892.13  17.335  0.084
54893.13  17.488  0.114
54898.12  18.145  0.118
54900.11  18.813  0.175
54902.11  19.219  0.142
54904.11  19.249  0.348
54906.11  19.463  0.202
54909.11  18.977  0.175
54910.12  18.715  0.199
54911.16  18.524  0.250
54912.14  18.265  0.175
54913.13  18.230  0.175
54916.15  18.108  0.250
54917.12  17.942  0.187
54918.12  18.037  0.175
54920.14  18.027  0.152
54921.13  18.060  0.070
54926.13  18.458  0.084
54927.13  18.765  0.319
54882.54  16.744  0.022
54882.55  16.771  0.027
54887.57  16.917  0.022
54887.58  16.942  0.023
54889.57  17.042  0.030
54890.57  17.106  0.035
54890.57  17.126  0.029
54891.58  17.214  0.030
54891.59  17.281  0.032
54892.53  17.410  0.038
54894.53  17.661  0.045
54899.53  18.345  0.081
54899.53  18.427  0.100
54901.56  18.381  0.098
54912.54  18.055  0.116
54912.55  18.177  0.100
54919.54  17.785  0.094
